1	Cheifs   		20.3	47	18	7	21	15	15	22	7	3	18	0	2	1	10	22	20	1
2	Rams			24.2	53	8	2	3	6	14	25	2	7	8	25	0	13	6	5	10	11
3	Panthers		16.0	60	4	5	13	0	10	7	18	5	15	10	6	5	9	2	12	10
4	Seahawks		15.4	45	5	13	10	16	6	7	11	7	3	4	16	0	9	4	14	10
5	Cardinals		21.6	47	10	3	6	8	15	8	7	12	0	11	6	9	5	14	15	8
6	Bengals			20.3	43	2	6	12	3	8	7	0	20	7	11	18	0	8	0	3	18
7	Bills			25.8	56	14	8	4	14	5	5	14	4	2	6	18	0	8	5	13	11
8	Bears			31.8	32	7	13	25	7	2	13	9	0	7	2	13	2	7	2	10	6
9	Cowboys			28.8	34	27	4	8	9	4	13	9	9	12	3	0	10	10	1	4	2
10	49ers			18.1	37	6	8	1	9	15	9	13	8	0	8	7	6	5	4	14	11
11	Patriots		22.5	48	4	12	5	4	8	5	12	12	11	0	3	10	3	1	6	24
12	Buccaneers		25.9	35	11	14	5	7	0	3	2	3	6	4	15	18	4	17	8	5
13	Broncos			26.6	41	8	15	3	9	8	6	6	19	0	4	5	15	2	6	2	7
14	Redskins		31.8	36	15	6	9	17	0	3	10	16	5	3	3	4	5	2	7	6
15	Browns			27.0	40	6	4	12	6	18	3	1	6	9	0	10	0	6	8	20	0
16	Eagles			25.4	37	9	5	5	1	9	4	6	9	7	5	8	0	11	6	5	15
17	Titans			25.4	36	11	14	4	19	6	12	2	0	6	9	1	4	7	0	2	4
18	Packers			28.5	44	2	3	18	0	5	7	5	9	1	5	6	8	17	5	7	5
19	Ravens			23.4	41	7	5	17	8	6	7	5	0	5	11	2	9	0	8	7	2
20	Vikings			32	42	5	21	11	9	0	1	10	8	5	4	1	2	6	8	6	4
21	Giants			25.5	34	4	2	5	7	1	0	7	10	0	8	12	6	7	4	6	16
22	Colts			22.4	41	5	7	7	16	8	2	10	0	1	4	4	3	9	0	8	12
23	Dolphins		22.3	41	12	5	4	4	12	0	6	5	19	6	5	4	10	5	3	3
24	Raiders			30.2	39	4	5	5	3	18	5	0	9	2	15	6	2	10	3	4	7
25	Lions			25.0	33	11	9	6	17	1	6	1	0	0	4	1	4	13	14	1	6
26	Steelers  		24.6	35	1	0	2	1	0	7	1	8	5	5	8	19	2	11	9	13
27	Falcons			29.5	32	4	8	9	0	4	0	11	5	5	1	2	1	4	15	15	3
28	Saints			20.2	49	7	5	8	12	5	7	0	10	2	3	5	7	1	5	0	6
29	Jaguars			29.9	31	1	5	6	4	2	12	1	2	0	15	3	4	9	7	8	5
30	Jets			25.8	41	7	1	8	2	4	4	12	3	6	0	1	6	3	5	2	7
31	Chargers		23.2	34	4	3	2	5	4	3	8	0	8	4	6	7	4	8	3	5
32	Texans			28.5	32	10	4	2	9	1	0	6	4	7	8	4	3	1	5	1	0