1	Jamaal Charles		KC	1,981	19   16.0   16.3  23.2	 18.7  18.5  24.8  16.3	   12	9.6	0    7.2   27.7	    18	  27.9	 51.5	  20.4
2	LeSean McCoy	        PHI	2,147	11   24.9   16.7  21.8	  9.4  15.2  15.1   8.1	  6.6	 14   16.1    27     0	   11.5	  34.1	 10.6	  28.2
3	Matt Forte	        CHI	1,933	12   15.1   14.1  17.1	 17.7	9.5  11.1  28.9	    0  23.9    4.9   18.5   9.7	   15.1	  23.5	 13.1	   5.4
4	Marshawn Lynch		SEA	1,573	14    5.2   31.5   6.9	 18.3  10.7  27.5  15.4	  2.7  14.1   22.1   24.3    0	    5.7	  13.2	  18	   7.6
5	Knowshon Moreno		DEN	1,587	13    6.5   22.7   4.5	 15.1	21   28.4  10.9	 19.3	 0    11.4    7.9    29	    15	  16.9	  5.5	  10.2
6	Eddie Lacy	        GB	1,435	11   11.2     1	   9.7	   0   12.5  16.8  17.2	   21	8.4   10.8   21.8   3.9	    15    23.1	  21	    3
7	DeMarco Murray		DAL	1,472	10   11.2     1	    0	   0	9.7  12.5  16.8	 17.2	 21    8.4   10.8   21.8    3.9	   15	 23.1	   21
8	Adrian Peterson		MIN	1,437	11   12.5    7.4   26.3	   9   10.8   11    0	    0	  5   15.5     0    12.6   28.2	  15.5	 21.3	  23.1
9 	Chris Johnson	        TEN	1,422	10   29.1    8.7   15.5	   26	 0    8.3  5.6	 14.3  23.7   19.7    6.5   18.8   21.1	   1.7	   0	   4.7
10	Fred Jackson	        BUF	1,271	10   10.8   11.3   10.9  14.7  21.3   4.8  14.5  11.3   9.9    6.2    3.9    0     19.8    3.8    8.8     17.8
11	Reggie Bush	        DET	1,512	7    25.1    6.9    0    23.3   6.9  19.5   9.4  16.2    0    11.3    3.4    10    22.2     0    16.1      2.4
12	Ryan Mathews		SD	1,444	7    11.5    5.6   5.8   10.3   0.8  10.2   17     0    3.4   12.1   14.3   12.5    9.2   19.5   18.8     17.9
13	Frank Gore		SF	1,269	9    12.5     3   10.3   19.3  14.1  10.1  22.4  17.7    0    10.3    5.6    3.4    8.9    11     8.6     16.3
14	Le'Veon Bell		PIT	1,268	8      0      0     0    20.4    0    5.6   9.9  11.1  13.9   15.6    8.8    9.8   19.6    8.9   16.7     16.9
15	Alfred Morris		WAS	1,353	7     9.4    12   13.3    7.1    0   14.1   9.5  15.3  18.1   13.9    9.3    5.2   11.3    3.1    6.6     14.8
16	Giovani Bernard		CIN	1,209	8      3    18.5  15.9    7.5   4.9   16    5.9   2.7  22.4   15.5    8.6     0     6.6   14.8   10.6      6.7
17	Joique Bell		DET	1,197	8    21.2    7.2  19.2    2.2   5.1   3.3   5.6  11.4    0     4.1   15.7    1.5   18.8   14.7    4.7     21.4
18	Zac Stacy		STL	1,114	8     0.4     0     0      0    7.8    9   14.7  12.9  29.8   12.8     0    15.7    7.1    8.2   20.3     14.9
19	Danny Woodhead		SD	1,030	8     1.6    6.4   6.6   20.6  11.1   8.3  13.6    0    9.8   10.4    3.7    19     3.5   15.4    4.2      6.8
20	Maurice Jones-Drew	JAC	1,117	5     4.5    2.8  12.2    2.8   8.6  13.4   5.6  12.2    0    13.4    9.5   20.4    8.1   12.3     0       6.9
21	Rashad Jennings		OAK	1,025	6     0.2    3.4   1.5	 11.6	4.1   2.1    0	  0.8  23.6   10.7   20.8   12.2   16.3	    0	 22.3	   7.2
22	DeAngelo Williams	CAR	1,166	4      7     8.5  11.7	   0	6.9  11.7   5.9	 11.1	5.4   10.6    2.5    4.7     0	   6.3	 22.8	  12.7
23	Pierre Thomas		NO	1,062	5     5.9    4.8   6.7	  3.8  21.1    8     0	  9.4	 9    23.1    8.4    13	    2.1	   2.8	  8.3	   1.5
24 	Andre Ellington		ARI	1,023	4     1.3   12.2   5.5	  5.1	8.3  15.2   1.3	 22.2	 0     7.3    1.3    7.1     0	  12.3	 15.8	   7.2
25	Rashard Mendenhall	ARI	821	8     6.4   15.4   4.1	  1.4	 11   4.2   8.2	   0	 0     3.1    8.7   13.8    7.6	  10.1	 19.8	   6.3
26	Donald Brown		IND	751	8     0	3    2.5   7.6	   10	3.4   6.5    0	  4.9	12.3  21.4   -0.1   12.4    2.9	   3.8	   23       0
27	C.J. Spiller		BUF	1,124	2     3.5   12.9    1	  7.7	12.6  6.6   0.7	   0	15.5   3.4    1.6     0	   21.7	   4.8	  6.8	  10.3
28	LeGarrette Blount	NE	810	7     1.5    1.1   6.5	 12.4	3.1   0.9   0.4	  4.6	10.7	0     4.9   -0.7   10.4	   7.4	  5.3	  19.6
29	Ray Rice		BAL	981	4     13.1   2.5    0	  1.7  20.2   4.9   7.2	   0	3.8    5.6   20.8    2.7     7	  10.9	  6.4	   6.3
30	Stevan Ridley	NE	835	7     2.6     4	   4.3	  7.9	 0    23    11.3  13.9	22.4	0     8.8   -0.6     0	   3.7	  3.4	   5.4