Rank  Position		  Yards TDs stats
QuarterBack     
1 Peyton Manning	DEN	5,477	55   46.3   19.9  24.8   29.0  35.7  13.1  25.3  21.8   0.0  27.1   14.9     12   31.8   31.7    17.5    32.0
2 Drew Brees		NO	5,162	39   12.9   31.8  32.7   19.5  16.5  33.2   0.0  19.2  31.7  14.1   18.5    7.8   28.8   20.5    12.1    38.0 
3 Cam Newton		CAR	3,379	24   12.8   16.7  29.4    0.0   6.8  30.7  14.8  27.8  18.2   6.3   26.6   20.0   27.3   15.2    16.1    9.84
4 Andy Dalton		CIN	4,296	33   15.5   16.2  13.7   5.54  8.98  25.2  27.5  31.0  6.72  15.1   11.7    0.0   10.5   30.1    19.2    31.6
5 Philip Rivers		SD	4,478	32   23.6   26.9  11.4     27  21.4  12.4  13.8    19   8.4  13.5   26.8   12.5     20   12.5     4.7    17.4
6 Matthew Stafford	DET	4,647	29   19.9   17.2  21.6   16.4  14.4  24.5  26.3  26.7   0.0  18.6   22.9   16.5   20.0   5.94     8.3    6.78
7 Andrew Luck		IND	3,830	27   24.9   18.6  14.8   18.9  18.1  7.98  30.0   0.0  24.8  13.8   18.4   13.6   10.2   32.2    16.1    14.1
8 Russell Wilson	SEA	3,357	27   15.5   10.9  21.4   10.6  22.6  16.3  20.3  15.1  22.3  21.5   18.6      0   29.1   10.7    15.2     9.5
9 Ben Roethlisberger	PIT	4,261	28   9.6    12.6  16.9   15.3  15.7  12.9  11.1  25.9  10.2  31.9   16.4   19.4   24.8    9.6      20     8.1
10 Colin Kaepernick	SF	3,197	21   30.7    5.8     4   13.8   9.9  15.9  20.8    28   0.0   3.2   13.6   23.4   17.1   12.1      20     23   
11 Tony Romo		DAL	3,842	31   16.4   14.2  20.4   19.3  40.9   8.8  12.8  20.8  20.3   9.1    0.0   15.4   12.9   16.0    18.3    14.9
12 Matt Ryan		ATL	4,515	26   19.4   22.9  15.2   22.8  18.7   0.0  21.7  9.34  6.96  12.4   14.2  12.68   16.1   12.2     8.3    17.2
13 Alex Smith		KC	3,313	23   19.2   24.9  17.0   30.1  13.3   9.3  20.8  23.3   6.9   0.0   24.7   26.4   27.3   15.6    36.1    12.4 
14 Tom Brady		NE	4,343	25   15.1   11.2  15.5   20.4   5.9  14.4   7.1   7.1  33.2   0.0   14.1   23.8   20.8   20.8    20.6    10.9
15 Nick Foles		PHI	2,891	27    0.0    0.0   0.0    5.9   16     30   5.7     0  45.6  22.9   22.6    0.0   23.7   19.5    33.2    18.9
16 Ryan Tannehill	MIA	3,913	24   13.2   14.9  14.1   10.8  16.9   0.0  14.3  10.9  14.4  15.4   14.8    18    21.4   23.6    24.4     3.3
17 Carson Palmer	ARI	4,274	24   17.1   11.7   3.5   10.5   4.7  15.9  10.8  13.78  0.0  13.4   24.4   20.5   17.98  14.6    13.1     2.8
18 Joe Flacco		BAL	3,912	19   18.5   13.0   6.8   11.9  10.0  20.3  14.0   0.0  20.5   8.0    8.5   12.9   14.7   20.0    10.2    12.4
19 Robert Griffin III	WAS	3,212	16   19.6   22.9  12.7   14.1   0.0  13.5  26.3    4   11.3  27.6    19     5.3   21.1   11.5     0.0     0.0
20 Geno Smith		NYJ	3,046	12   14.9   4.3   24.6    8.3  22.1   4.8  20.5   3.2  12.4   0.0   -3.9   -0.3   -0.6   21.8    13.1    24.4
21 Eli Manning		NYG	3,818	18   28.8   10.5   4.2    7.9  15.4   7.6  12.5   9.7   7.3   0.0   13.5    15    11.4   10.4    -3.8      12
22 Ryan Fitzpatrick	TEN	2,454	14   0.0    0.0    0.0    9.2  25.4   9.9   0.0   0.0   0.0  28.5   17.7   26.6   22.5    12     36.3    12.2
23 Aaron Rodgers	GB	2,536	17   24.6   34.9  12.1    0.0  15.7  16.7  23.6  22.5   2.0   0.0    0.0    0.0    0.0    0.0    0.0      0.0
24 Chad Henne		JAC	3,241	13   1.8    17    10.3    0.0  8.7   12.9  15.4   0.0  15.5   6.9   14.8   12.3   16.8   17.2   20.1      19
25 Jay Cutler		CHI	2,619	19   17.3   18.6  11.5   17.6  23.0  20.5  -0.88  0.0.  0.0   12.0   0.0    0.0    0.0    0.0   19.7     14.38

Running Back
1 Jamaal Charles	KC	1,981	19   16.0   16.3  23.2	 18.7  18.5  24.8  16.3	   12	9.6	0    7.2   27.7	    18	  27.9	 51.5	  20.4
2 LeSean McCoy	        PHI	2,147	11   24.9   16.7  21.8	  9.4  15.2  15.1   8.1	  6.6	 14   16.1    27     0	   11.5	  34.1	 10.6	  28.2
3 Matt Forte	        CHI	1,933	12   15.1   14.1  17.1	 17.7	9.5  11.1  28.9	    0  23.9    4.9   18.5   9.7	   15.1	  23.5	 13.1	   5.4
4 Marshawn Lynch	SEA	1,573	14    5.2   31.5   6.9	 18.3  10.7  27.5  15.4	  2.7  14.1   22.1   24.3    0	    5.7	  13.2	  18	   7.6
5 Knowshon Moreno	DEN	1,587	13    6.5   22.7   4.5	 15.1	21   28.4  10.9	 19.3	 0    11.4    7.9    29	    15	  16.9	  5.5	  10.2
6 Eddie Lacy	        GB	1,435	11   11.2     1	   9.7	   0   12.5  16.8  17.2	   21	8.4   10.8   21.8   3.9	    15    23.1	  21	    3
7 DeMarco Murray	DAL	1,472	10   11.2     1	    0	   0	9.7  12.5  16.8	 17.2	 21    8.4   10.8   21.8    3.9	   15	 23.1	   21
8 Adrian Peterson	MIN	1,437	11   12.5    7.4   26.3	   9   10.8   11    0	    0	  5   15.5     0    12.6   28.2	  15.5	 21.3	  23.1
9 Chris Johnson	        TEN	1,422	10   29.1    8.7   15.5	   26	 0    8.3  5.6	 14.3  23.7   19.7    6.5   18.8   21.1	   1.7	   0	   4.7
10 Fred Jackson	        BUF	1,271	10   10.8   11.3   10.9  14.7  21.3   4.8  14.5  11.3   9.9    6.2    3.9    0     19.8    3.8    8.8     17.8
11 Reggie Bush	        DET	1,512	7    25.1    6.9    0    23.3   6.9  19.5   9.4  16.2    0    11.3    3.4    10    22.2     0    16.1      2.4
12 Ryan Mathews		SD	1,444	7    11.5    5.6   5.8   10.3   0.8  10.2   17     0    3.4   12.1   14.3   12.5    9.2   19.5   18.8     17.9
13 Frank Gore		SF	1,269	9    12.5     3   10.3   19.3  14.1  10.1  22.4  17.7    0    10.3    5.6    3.4    8.9    11     8.6     16.3
14 Le'Veon Bell		PIT	1,268	8      0      0     0    20.4    0    5.6   9.9  11.1  13.9   15.6    8.8    9.8   19.6    8.9   16.7     16.9
15 Alfred Morris	WAS	1,353	7     9.4    12   13.3    7.1    0   14.1   9.5  15.3  18.1   13.9    9.3    5.2   11.3    3.1    6.6     14.8
16 Giovani Bernard	CIN	1,209	8      3    18.5  15.9    7.5   4.9   16    5.9   2.7  22.4   15.5    8.6     0     6.6   14.8   10.6      6.7
17 Joique Bell		DET	1,197	8    21.2    7.2  19.2    2.2   5.1   3.3   5.6  11.4    0     4.1   15.7    1.5   18.8   14.7    4.7     21.4
18 Zac Stacy		STL	1,114	8     0.4     0     0      0    7.8    9   14.7  12.9  29.8   12.8     0    15.7    7.1    8.2   20.3     14.9
19 Danny Woodhead	SD	1,030	8     1.6    6.4   6.6   20.6  11.1   8.3  13.6    0    9.8   10.4    3.7    19     3.5   15.4    4.2      6.8
20 Maurice Jones-Drew	JAC	1,117	5     4.5    2.8  12.2    2.8   8.6  13.4   5.6  12.2    0    13.4    9.5   20.4    8.1   12.3     0       6.9
21 Rashad Jennings	OAK	1,025	6     0.2    3.4   1.5	 11.6	4.1   2.1    0	  0.8  23.6   10.7   20.8   12.2   16.3	    0	 22.3	   7.2
22 DeAngelo Williams	CAR	1,166	4      7     8.5  11.7	   0	6.9  11.7   5.9	 11.1	5.4   10.6    2.5    4.7     0	   6.3	 22.8	  12.7
23 Pierre Thomas	NO	1,062	5     5.9    4.8   6.7	  3.8  21.1    8     0	  9.4	 9    23.1    8.4    13	    2.1	   2.8	  8.3	   1.5
24 Andre Ellington	ARI	1,023	4     1.3   12.2   5.5	  5.1	8.3  15.2   1.3	 22.2	 0     7.3    1.3    7.1     0	  12.3	 15.8	   7.2
25 Rashard Mendenhall	ARI	821	8     6.4   15.4   4.1	  1.4	 11   4.2   8.2	   0	 0     3.1    8.7   13.8    7.6	  10.1	 19.8	   6.3
26 Donald Brown		IND	751	8     0	3    2.5   7.6	   10	3.4   6.5    0	  4.9	12.3  21.4   -0.1   12.4    2.9	   3.8	   23       0
27 C.J. Spiller		BUF	1,124	2     3.5   12.9    1	  7.7	12.6  6.6   0.7	   0	15.5   3.4    1.6     0	   21.7	   4.8	  6.8	  10.3
28 LeGarrette Blount	NE	810	7     1.5    1.1   6.5	 12.4	3.1   0.9   0.4	  4.6	10.7	0     4.9   -0.7   10.4	   7.4	  5.3	  19.6
29 Ray Rice		BAL	981	4     13.1   2.5    0	  1.7  20.2   4.9   7.2	   0	3.8    5.6   20.8    2.7     7	  10.9	  6.4	   6.3
30 Stevan Ridley	NE	835	7     2.6     4	   4.3	  7.9	 0    23    11.3  13.9	22.4	0     8.8   -0.6     0	   3.7	  3.4	   5.4

Wide Reciever
1   Josh Gordon		CLE	1,646	9	0	0	22.8	7.1	14.6	12.6	2.1	19.2	5.4	0	18.5	29.7	38.1	24.5	12.7	11.9
2   Demaryius Thomas    DEN	1,430	14	28.1	5.2	9.4	20.6	5.7	7.8	14.2	13.5	0	28.8	12.1	10.1	10.6	14.8	4.5	18.3
3   Calvin Johnson	DET	1,489	12	3.7	23.6	17.5	10.4	0	2.5	27.5	36.9	0	20.3	29.9	11.5	16.1	4.9	9.8	4.3
4   A.J. Green		CIN	1,426	11	28.2	4.1	10.6	5.1	6.1	16.3	21.5	11.5	12.8	21.1	0.7	0	14.3	13.2	9.3	21.7
5   Brandon Marshall	CHI	1,295	12	16.4	17.3	5.2	7.9	9	20.7	7.5	0	16.7	25.9	4.2	17.7	4.5	10	15.5	9.6
6   Dez Bryant		DAL	1,249	13	2.2	20.1	9.8	20.1	24.1	3.6	11	19.3	6.4	4.4	0	10.2	12.1	7.2	21.3	13.3
7   Antonio Brown	PIT	1,498	8	7.5	5.7	31.6	9.8	0	8.6	5.3	8.4	13.1	10.4	25.9	14.4	5.9	19.7	12.7	10.5
8   Eric Decker		DEN	1,288	11	3.2	8.7	19.3	8.8	12.7	5	21	4.2	0	5.2	7.1	0.5	41.4	17.7	4.2	25.1
9   Alshon Jeffery	CHI	1,421	7	4.2	4.1	5.1	19.4	27.8	4.2	12.1	0	12.1	11.9	10	4.6	36.9	13.7	12.9	7.6
10  DeSean Jackson	PHI	1,332	9	16.4	25.3	6.2	3.4	19.2	18.4	2.1	6.3	21	14	8.2	0	3.6	10.9	25.5	4.1
11  Jordy Nelson	GB	1,314	8	19	18.6	9.3	0	8.2	17.3	10.2	24.3	6.7	5.6	11.7	5.8	1.4	8.5	12.1	4.6
12  Andre Johnson	HOU	1,407	5	14.6	7.6	3.6	11	3.9	8.8	8.9	0	40.9	15.7	11.6	3.6	12.1	15.4	1.8	6.3
13  Pierre Garcon	WAS	1,346	5	6.4	20.3	8.3	11.9	0	6.9	5.8	4.6	17.2	17.9	7.7	4.8	4.1	3.7	18.9	20.4
14  Vincent Jackson	TB	1,224	7	15.4	7.7	3.4	2.7	0	23.4	25.8	7.9	1.1	2.8	22.5	6.1	7.5	13	11.8	9.8
15  Anquan Boldin	SF	1,179	7	26.8	0.7	6.7	15	2.1	2.8	7.4	5.6	0	2.3	11.6	21.4	9.8	9.3	4.3	13.2
16  Larry Fitzgerald	ARI	954	10	20	3.3	6.4	12.8	4.3	16.1	1.7	10.8	0	2.3	12.1	17.6	13.2	15.6	4.9	1.8
17  Keenan Allen	SD	1,046	8	0	3.4	-0.4	8	17.5	16.7	6.7	0	18.8	4.1	4.5	12.4	8.6	17.9	14.9	6.6
18  Julian Edelman	NE	1,056	6	19.9	8.2	4.4	11.8	4.2	5.7	4.4	0.7	1.1	0	2.7	23	10.1	12.4	19.9	7.7
19  T.Y. Hilton		IND	1,086	5	2	12.4	1.3	5.1	26	4.3	2.7	0	30.1	13	4.4	3.8	4.6	0.7	7.8	5.2
20  Marvin Jones	CIN	712	10	2.1	3.5	9.8	0	4.7	16.5	11.7	36.2	6.6	0.9	0.8	0	1.2	11.7	10.8	9.1
21  Torrey Smith	BAL	1,128	4	2.1	3.5	9.8	0	4.7	16.5	11.7	36.2	6.6	0.9	0.8	0	1.2	11.7	10.8	9.1
22  Wes Welker		DEN	778	10	9.2	8.5	9.2	22.6	12.1	1.2	6.1	0	7.8	10.6	9.2	7.4	15.3	1.1	6.9	6.9
23  Michael Floyd	ARI	1,054	5	8.2	2.2	4.9	8.7	6.1	10.4	7.1	9	0	3.1	25.3	10.4	15.9	2.6	3.3	9.1
24  Riley Cooper	PHI	833	8	1.4	8.3	2.9	2.5	0	18	8.8	1.3	33.7	22.2	3.7	0	4.8	7.4	2.9	11.3
25  Mike Wallace	MIA	930	5	1.5	17.5	2.2	2.4	10.5	0	8.8	4.9	8.2	1.5	3.9	18.7	14.2	1.9	17.8	3.8
26  Brian Hartline	MIA	1,016	4	17.4	6.8	11.6	3.4	6	0	6.9	3.7	3.9	5.7	6.5	7.8	18.7	11.1	7	5.3
27  Marques Colston	NO	943	5	12.8	6.3	7.1	9.6	1.5	1.1	0	1.8	16.7	8	4	2.7	24.5	15.2	6.3	0
28  Golden Tate		SEA	898	5	5.1	1.9	11.7	1.7	12.1	3.3	7.7	21.3	2.9	16.6	2.6	0	4.5	6.5	2.5	3.4
29  Victor Cruz		NYG	998	4	29.8	11.8	2.5	22.4	4.8	6.8	5	8.6	0	3.7	11	0.7	8	4.2	2.5	0
30  Jerricho Cotchery	PIT	607	10	9.4	5.4	5.2	16.3	0	0	4.1	3.9	27.6	9.1	10.8	0	6.6	12.2	0.2	0.9


Tight End
1   Jimmy Graham	NO	1,215	16	10.5	23.9	25.4	22	13.5	0	0	15.7	23.6	5.9	4.1	16	10.2	17.8	2.5	13.3
2   Vernon Davis	SF	850	13	21.8	2	0	7.8	14.8	30	6.2	11.2	0	0.2	9.3	11	14.2	8.1	13.9	0
3   Julius Thomas	DEN	788	12	23	10.7	9.7	4.3	24.2	8.2	10.1	2.9	0	0	0	15.6	10.3	9.5	4.9	13.8
4   Jordan Cameron	CLE	917	7	16.8	9.5	24.6	15.1	3.6	6.4	11.5	8.1	0.4	0	2.9	3.2	4.3	18.1	2.3	0
5   Jason Witten	DAL	851	8	19	1.2	6.7	4.3	18.1	2.7	4.8	1.5	16.2	2.7	0	15.7	5.3	7	13.1	1.3
6   Tony Gonzalez	ATL	847	8	9.6	3.3	2.4	26.9	9.7	0	3	2.6	14.1	2.9	5.1	4.3	10.2	8.5	12.2	12.3
7   Charles Clay	MIA	759	6	5.4	17	4	10.2	11.2	0	6.7	3.8	3.5	2.1	15	2.7	8	21.7	0.6	3.2
8   Greg Olsen		CAR	816	6	5.6	14.4	5.4	0	7.9	1.9	4.7	8.1	12.6	1.4	11.2	9.4	8.5	4	8.8	3.5
9   Antonio Gates	SD	872	4	4.9	10.4	11.5	19.6	7.4	2.8	3.1	0	5.3	6.2	11.2	2.1	2.1	5	2.3	4.2
10  Martellus Bennett	CHI	759	5	10.9	19.6	1	9	5.6	6.8	6.7	0	3.6	2.9	4.8	12.2	1.4	4.3	5.1	8.5
11  Jared Cook		STL	671	5	24.1	1	4.4	4.5	2.6	4.5	3.3	3.1	9.6	1.7	0	14	4.9	4.9	0.8	2.7
12  Delanie Walker	TEN	571	6	4	7	4.9	7.4	4.3	2.9	11.2	0	1.3	12.2	15.1	4.6	0.5	0	11.3	3.5
13  Coby Fleener	IND	608	4	0.7	12.9	1.3	13.7	1.5	1.6	9.8	0	6.4	3.3	10.7	11.5	5	3.1	0	0.8
14  Brent Celek		PHI	502	6	11.6	0	1.8	5.7	10.7	1	0.9	1.7	8.7	0.7	4.2	0	8.9	2.9	2.5	9.8
15  Rob Gronkowski	NE	592	4	0	0	0	0	0	0	11.4	2.7	20.3	0	11.9	15	18.7	3.2	0	0
16  Garrett Graham	HOU	545	5	8.7	9	0	12.9	1.5	2.5	3.8	0	4.6	1.8	17.6	3.2	3.6	13.3	0	0
17  Brandon Myers	NYG	522	4	12.6	7.4	3.3	0	3.5	0	1.5	4.2	0	0	3.2	9.9	12.1	8.6	3.7	5.3
18  Scott Chandler	BUF	655	2	3.8	1	13.9	2.8	4.9	10.7	1.8	7.2	2.6	2.1	4	0	4.3	2.4	5.4	3.1
19  Tim Wright		TB	433	5	0	0	0	0	0	0	1.5	10.8	11.8	1.9	1.3	7.5	1.7	8.1	14.2	2.7
20  Zach Ertz		PHI	469	4	1.1	5.8	0.5	3.8	3.8	1.3	3.3	0.5	10.2	0	3.1	0	18.8	0	11.7	2.7
21  Jordan Reed		WAS	499	3	3.8	7.8	5	0	0	5.8	19.4	9	5.5	12.2	1.2	0	0	0	0	0
22  Zach Miller		SEA	387	5	4.2	2.2	12.5	0.7	0	0	10	1.4	4.9	0	6.9	0	14.6	1.3	0.8	7.1
23  Mychal Rivera	OAK	407	4	2.6	3.2	2.1	10.4	0.5	1	0	0	3.6	2.2	11.4	1	3	8.1	9	4.3
24  Jermaine Gresham	CIN	461	4	3.5	6.6	0.7	5.3	2.4	0.5	6.4	7.4	3.3	0	8.7	0	0	10.1	0.3	8.9
25  Jeff Cumberland	NYJ	398	4	0	0	2.6	9.4	13.9	5.9	4.1	0.9	0	0	8.5	0.9	0	0.6	11	3
26  Heath Miller	PIT	593	1	0	0	3.5	7	0	8.4	5.7	1.9	4.3	0.6	6.7	4.1	8.6	5.6	3.5	1.7
27  Joseph Fauria	DET	207	7	8.7	0	6.5	0	0	21.4	1.5	0	0	2.5	1.4	7	0	0	7.4	4.3
28  Marcedes Lewis	JAC	359	4	0	0	0	0	0	0	0	3.1	-1.4	3.9	2.3	1.8	8.6	10.2	11.4	11
29  Tyler Eifert	CIN	445	2	4.7	6.6	0.7	3.9	5.3	1.3	10.5	2.3	1.4	5.5	1.5	0	0.9	2	9.3	0.6
30  Ladarius Green	SD	376	3	0	0	4.8	0	2.5	4	1	2.5	8.1	14	10.5	0	0	0	0	0


Kicker
1   Stephen Gostkowski	NE	38	92.70%	11	7	11	12	6	12	9	9	13	0	8	10	10	7	8	11
2   Matt Prater		DEN	25	96.20%	7	11	13	10	15	5	9	9	0	4	9	7	5	15	8	13
3   Nick Novak		SD	34	91.90%	4	15	5	12	5	13	6	0	6	8	10	11	4	13	9	14
4   Steve Hauschka	SEA	33	94.30%	6	9	9	11	14	8	10	2	9	15	11	0	10	5	11	4
5   Mason Crosby	GB	33	89.20%	4	8	12	0	16	13	7	14	8	7	7	8	4	10	7	7
6   Phil Dawson		SF	32	88.90%	10	3	1	5	10	12	7	6	0	9	8	9	11	13	15	10
7   Justin Tucker	BAL	38	92.70%	9	2	12	8	14	5	10	4	8	8	13	16	3	18	1	0
8   Adam Vinatieri	IND	35	87.50%	3	8	9	13	8	9	13	0	7	12	3	16	4	11	11	0
9   Dan Bailey		DAL	28	93.30%	12	10	7	3	10	7	5	12	9	5	0	6	7	4	18	6
10  Dan Carpenter	BUF	33	91.70%	3	10	12	11	6	6	11	5	7	4	13	0	7	6	9	13
11  Shaun Suisham	PIT	30	93.80%	1	4	11	9	0	13	13	4	7	11	13	9	2	4	12	8
12  Jay Feely		ARI	30	83.30%	6	13	1	7	8	2	10	9	0	9	9	16	3	4	13	9
13  Nick Folk		NYJ	33	91.70%	10	4	9	7	12	6	12	9	14	0	2	3	3	13	8	6
14  Robbie Gould	CHI	26	89.70%	6	7	10	10	0	4	9	11	9	7	11	3	8	13	8	3
15  Blair Walsh		MIN	26	86.70%	6	12	9	10	4	1	7	5	10	8	0	14	11	8	12	2
16  Ryan Succop		KC	22	78.60%	4	5	14	7	14	6	5	0	11	11	5	8	4	9	8	1
17  Rob Bironas		TEN	25	86.20%	10	6	8	0	8	5	7	5	4	9	9	11	2	4	10	8
18  Graham Gano		CAR	24	88.90%	1	11	8	6	5	12	7	10	4	6	8	0	9	7	12	5
19  Alex Henery		PHI	23	82.10%	7	12	4	8	18	7	3	1	7	9	6	6	10	10	0	0
20  Greg Zuerlein	STL	26	92.90%	13	6	1	3	10	8	7	9	3	8	10	7	4	9	11	1
21  Matt Bryant		ATL	24	88.90%	5	7	11	11	4	0	7	7	4	4	8	7	10	3	9	6
22  Caleb Sturgis	MIA	26	76.50%	11	6	9	5	11	0	3	5	8	7	8	10	11	10	6	0
23  Garrett Hartley	NO	22	73.30%	11	10	7	8	14	9	0	5	8	7	11	5	1	7	4	0
24  Mike Nugent		CIN	18	81.80%	3	8	4	6	7	9	9	7	8	5	11	0	5	6	2	6
25  Randy Bullock	HOU	26	74.30%	7	2	9	8	3	7	10	0	6	6	11	6	7	8	3	7
26  Josh Brown		NYG	23	88.50%	7	11	0	1	3	3	11	15	0	6	9	7	6	2	11	0
27 Sebastian Janikowski	OAK	21	70.00%	5	13	3	2	9	1	0	3	8	8	4	13	6	9	7	7
28  Rian Lindell	TB	23	79.30%	5	2	3	4	0	8	11	7	6	8	11	6	6	9	2	7
29  David Akers		DET	19	79.20%	10	3	9	16	3	7	6	7	0	3	9	3	8	0	4	4
30  Billy Cundiff	CLE	21	80.80%	4	6	6	5	13	5	7	5	6	0	8	3	4	8	7	7


Defense
1  Cheifs   		20.3	47	18	7	21	15	15	22	7	3	18	0	2	1	10	22	20	1
2  Rams			24.2	53	8	2	3	6	14	25	2	7	8	25	0	13	6	5	10	11
3  Panthers		16.0	60	4	5	13	0	10	7	18	5	15	10	6	5	9	2	12	10
4  Seahawks		15.4	45	5	13	10	16	6	7	11	7	3	4	16	0	9	4	14	10
5  Cardinals		21.6	47	10	3	6	8	15	8	7	12	0	11	6	9	5	14	15	8
6  Bengals		20.3	43	2	6	12	3	8	7	0	20	7	11	18	0	8	0	3	18
7  Bills		25.8	56	14	8	4	14	5	5	14	4	2	6	18	0	8	5	13	11
8  Bears		31.8	32	7	13	25	7	2	13	9	0	7	2	13	2	7	2	10	6
9  Cowboys		28.8	34	27	4	8	9	4	13	9	9	12	3	0	10	10	1	4	2
10 49ers		18.1	37	6	8	1	9	15	9	13	8	0	8	7	6	5	4	14	11
11 Patriots		22.5	48	4	12	5	4	8	5	12	12	11	0	3	10	3	1	6	24
12 Buccaneers		25.9	35	11	14	5	7	0	3	2	3	6	4	15	18	4	17	8	5
13 Broncos		26.6	41	8	15	3	9	8	6	6	19	0	4	5	15	2	6	2	7
14 Redskins		31.8	36	15	6	9	17	0	3	10	16	5	3	3	4	5	2	7	6
15 Browns		27.0	40	6	4	12	6	18	3	1	6	9	0	10	0	6	8	20	0
16 Eagles		25.4	37	9	5	5	1	9	4	6	9	7	5	8	0	11	6	5	15
17 Titans		25.4	36	11	14	4	19	6	12	2	0	6	9	1	4	7	0	2	4
18 Packers		28.5	44	2	3	18	0	5	7	5	9	1	5	6	8	17	5	7	5
19 Ravens		23.4	41	7	5	17	8	6	7	5	0	5	11	2	9	0	8	7	2
20 Vikings		32	42	5	21	11	9	0	1	10	8	5	4	1	2	6	8	6	4
21 Giants		25.5	34	4	2	5	7	1	0	7	10	0	8	12	6	7	4	6	16
22 Colts		22.4	41	5	7	7	16	8	2	10	0	1	4	4	3	9	0	8	12
23 Dolphins		22.3	41	12	5	4	4	12	0	6	5	19	6	5	4	10	5	3	3
24 Raiders		30.2	39	4	5	5	3	18	5	0	9	2	15	6	2	10	3	4	7
25 Lions		25.0	33	11	9	6	17	1	6	1	0	0	4	1	4	13	14	1	6
26 Steelers  		24.6	35	1	0	2	1	0	7	1	8	5	5	8	19	2	11	9	13
27 Falcons		29.5	32	4	8	9	0	4	0	11	5	5	1	2	1	4	15	15	3
28 Saints		20.2	49	7	5	8	12	5	7	0	10	2	3	5	7	1	5	0	6
29 Jaguars		29.9	31	1	5	6	4	2	12	1	2	0	15	3	4	9	7	8	5
30 Jets			25.8	41	7	1	8	2	4	4	12	3	6	0	1	6	3	5	2	7
31 Chargers		23.2	34	4	3	2	5	4	3	8	0	8	4	6	7	4	8	3	5
32 Texans		28.5	32	10	4	2	9	1	0	6	4	7	8	4	3	1	5	1	0




