1	Jimmy Graham	NO	1,215	16	10.5	23.9	25.4	22	13.5	0	0	15.7	23.6	5.9	4.1	16	10.2	17.8	2.5	13.3
2	Vernon Davis	SF	850	13	21.8	2	0	7.8	14.8	30	6.2	11.2	0	0.2	9.3	11	14.2	8.1	13.9	0
3	Julius Thomas	DEN	788	12	23	10.7	9.7	4.3	24.2	8.2	10.1	2.9	0	0	0	15.6	10.3	9.5	4.9	13.8
4	Jordan Cameron	CLE	917	7	16.8	9.5	24.6	15.1	3.6	6.4	11.5	8.1	0.4	0	2.9	3.2	4.3	18.1	2.3	0
5	Jason Witten	DAL	851	8	19	1.2	6.7	4.3	18.1	2.7	4.8	1.5	16.2	2.7	0	15.7	5.3	7	13.1	1.3
6	Tony Gonzalez	ATL	847	8	9.6	3.3	2.4	26.9	9.7	0	3	2.6	14.1	2.9	5.1	4.3	10.2	8.5	12.2	12.3
7	Charles Clay	MIA	759	6	5.4	17	4	10.2	11.2	0	6.7	3.8	3.5	2.1	15	2.7	8	21.7	0.6	3.2
8	Greg Olsen	CAR	816	6	5.6	14.4	5.4	0	7.9	1.9	4.7	8.1	12.6	1.4	11.2	9.4	8.5	4	8.8	3.5
9	Antonio Gates	SD	872	4	4.9	10.4	11.5	19.6	7.4	2.8	3.1	0	5.3	6.2	11.2	2.1	2.1	5	2.3	4.2
10  Martellus Bennett	CHI	759	5	10.9	19.6	1	9	5.6	6.8	6.7	0	3.6	2.9	4.8	12.2	1.4	4.3	5.1	8.5
11  Jared Cook		STL	671	5	24.1	1	4.4	4.5	2.6	4.5	3.3	3.1	9.6	1.7	0	14	4.9	4.9	0.8	2.7
12  Delanie Walker	TEN	571	6	4	7	4.9	7.4	4.3	2.9	11.2	0	1.3	12.2	15.1	4.6	0.5	0	11.3	3.5
13  Coby Fleener	IND	608	4	0.7	12.9	1.3	13.7	1.5	1.6	9.8	0	6.4	3.3	10.7	11.5	5	3.1	0	0.8
14  Brent Celek		PHI	502	6	11.6	0	1.8	5.7	10.7	1	0.9	1.7	8.7	0.7	4.2	0	8.9	2.9	2.5	9.8
15  Rob Gronkowski	NE	592	4	0	0	0	0	0	0	11.4	2.7	20.3	0	11.9	15	18.7	3.2	0	0
16  Garrett Graham	HOU	545	5	8.7	9	0	12.9	1.5	2.5	3.8	0	4.6	1.8	17.6	3.2	3.6	13.3	0	0
17  Brandon Myers	NYG	522	4	12.6	7.4	3.3	0	3.5	0	1.5	4.2	0	0	3.2	9.9	12.1	8.6	3.7	5.3
18  Scott Chandler	BUF	655	2	3.8	1	13.9	2.8	4.9	10.7	1.8	7.2	2.6	2.1	4	0	4.3	2.4	5.4	3.1
19  Tim Wright		TB	433	5	0	0	0	0	0	0	1.5	10.8	11.8	1.9	1.3	7.5	1.7	8.1	14.2	2.7
20  Zach Ertz		PHI	469	4	1.1	5.8	0.5	3.8	3.8	1.3	3.3	0.5	10.2	0	3.1	0	18.8	0	11.7	2.7
21  Jordan Reed		WAS	499	3	3.8	7.8	5	0	0	5.8	19.4	9	5.5	12.2	1.2	0	0	0	0	0
22  Zach Miller		SEA	387	5	4.2	2.2	12.5	0.7	0	0	10	1.4	4.9	0	6.9	0	14.6	1.3	0.8	7.1
23  Mychal Rivera	OAK	407	4	2.6	3.2	2.1	10.4	0.5	1	0	0	3.6	2.2	11.4	1	3	8.1	9	4.3
24  Jermaine Gresham	CIN	461	4	3.5	6.6	0.7	5.3	2.4	0.5	6.4	7.4	3.3	0	8.7	0	0	10.1	0.3	8.9
25  Jeff Cumberland	NYJ	398	4	0	0	2.6	9.4	13.9	5.9	4.1	0.9	0	0	8.5	0.9	0	0.6	11	3
26  Heath Miller	PIT	593	1	0	0	3.5	7	0	8.4	5.7	1.9	4.3	0.6	6.7	4.1	8.6	5.6	3.5	1.7
27  Joseph Fauria	DET	207	7	8.7	0	6.5	0	0	21.4	1.5	0	0	2.5	1.4	7	0	0	7.4	4.3
28  Marcedes Lewis	JAC	359	4	0	0	0	0	0	0	0	3.1	-1.4	3.9	2.3	1.8	8.6	10.2	11.4	11
29  Tyler Eifert	CIN	445	2	4.7	6.6	0.7	3.9	5.3	1.3	10.5	2.3	1.4	5.5	1.5	0	0.9	2	9.3	0.6
30  Ladarius Green	SD	376	3	0	0	4.8	0	2.5	4	1	2.5	8.1	14	10.5	0	0	0	0	0