Example,   	        QB, Corky Orozco, rank, yards, TDs, x,x,x,x,x,x,x,x,x,x,x,x,x,x,x,x
			RB,  Eric Orozco,    1,  2500,  15, 21, 15, 25, 6, 12, 0, 33, 28, 26, 4, 19, 24, 33, 13, 20, 39 
			WR,
			TE,
			K,   name, rank, kicks, TDs, 
			DEF, name, rank, points allowed per game, TDs 

Arizona Cardinals, 	QB,      Carson Palmer, 17,  4277, 24, 17.08, 11.72, 3.48, 10.52,  4.70, 15.92, 10.82, 13.78, 0.0, 13.44, 24.46, 20.56, 17.98, 14.66, 13.14, 2.82
			RB, Rashard Mendenhall, 25,   821,  8,  6.40, 15.40, 4.10,  1.40, 11.00,  4.20,  8.20,   0.0, 0.0,  3.10,  8.70, 13.80,  7.60, 10.10, 19.80, 8.30
			WR,   Larry Fitzgerald, 16,   962, 10, 20.00,  3.30, 6.40, 12.80,  4.30, 16.10,  1.70, 10.80, 0.0,  2.30, 12.10, 17.60, 13.20, 15.60,  4.90, 1.80
			TE,        Rob Housler, 33,   454,  1,   0.0,   0.0, 1.30,  2.30,   0.0,  3.20,  5.30,  1.40, 0.0, 11.70,  7.00,  5.10,  2.10,  4.20,   0.0,  0.0
			K,           Jay Feely, 11,    67,  0,     6,    13,    1,     7,    10,     2,    12,     9,   0,     9,     9,    18,     3,     4,    13,    9
			DEF,       Arizona DEF,  5, 19.75,  5,    10,     4,    5,    12,    24,     5,     6,    16,   0,    11,     7,    13,     5,    20,    14,   12

Atlanta Falcons, 	QB,      Matt Ryan, 15,  4515, 26, 19.36, 22.96, 15.24, 22.84, 18.76, 0.0, 21.72,  9.34,  6.96, 12.38, 14.16, 12.68, 16.14, 12.24,  8.30, 17.92 
			RB, Steven Jackson, 32,   733,  7, 12.20,  6.80,   0.0,   0.0,   0.0, 0.0,   0.0,  1.30,  7.60,  2.00,  6.50, 13.90, 20.40,  8.00, 16.30, 10.90
			WR,  Harry Douglas, 32,  1067,  2,  9.30,  4.30, -1.10,  6.80,  0.60, 0.0, 20.90, 12.10,  8.20,  2.90, 19.40,  7.90,  7.30,  2.00,  3.70,  4.60
			TE,  Tony Gonzalez,  4,   859,  8,  9.60,  3.30,  2.40, 26.90,  9.70, 0.0,  3.00,  2.60, 14.10,  2.90,  8.30,  4.30, 10.20,  8.50, 12.20, 12.30
			K,     Matt Bryant, 19,    63,  0,     5,     7,    13,    11,     4,   0,     7,     7,     4,     6,     8,     7,    10,     3,    11,     6
			DEF,   Atlanta DEF, 31, 26.19,  3,     4,     8,     9,    -1,     3,   0,    11,     5,     4,     0,    -2,     2,     3,    15,    15,     2 
  
Baltimore Ravens, 	QB,       Joe Flacco, 19,  3912, 19, 18.48, 13.04, 6.84, 11.88, 10.06, 20.28, 14.00, 0.0, 20.50,  8.00,  8.48, 12.92, 14.74, 20.00, 10.18, 12.40
			RB,         Ray Rice, 28,   981,  4, 13.10,  2.50,  0.0,  1.70, 20.20,  4.90,  7.20, 0.0,  3.80,  5.60, 20.80,  2.70,  7.00, 10.90,  6.40,  6.30
			WR,     Torrey Smith, 20,  1128,  4,  9.20,  8.50, 9.20, 22.60, 12.10,  1.20,  6.10, 0.0,  7.80, 10.60,  9.20,  7.40, 15.30,  3.10,  6.90,  6.90
			TE,     Dallas Clark, 31,   343,  3,  8.70,  0.80, 4.60,  3.40,   0.0, 14.10,  6.90, 0.0,  1.40,  6.10,  3.10,  2.40,  0.80,   0.0,   0.0,   0.0
			K,     Justin Tucker,  3,    64,  0,     9,     2,   12,     8,    16,     5,    10,   0,     6,     8,    10,    15,    16,     3,    22,     1 
			DEF,          Ravens, 11, 20.13,  3,     3,    12,   21,     8,     7,     8,     6,   0,     4,    12,     3,    16,     1,     8,     8,     1
  
Buffalo Bills, 	        QB,        EJ Manuel, 29,  2158, 13, 16.30, 15.14, 19.72,  4.78,  6.56,   0.0,   0.0,   0.0,  0.0, 9.90, 18.70, 0.0, 18.70, 2.26, 21.42,   0.0
			RB,     Fred Jackson, 10,  1283, 10, 10.80, 12.50, 10.90, 14.70, 21.30,  4.80, 14.50, 11.30, 9.90, 6.20,  3.90, 0.0, 19.80, 3.80,  8.80, 17.80
			WR,    Steve Johnson, 57,   607,  3,  9.90, 17.10, 10.60, -0.10,  1.90,   0.0,  6.10, 13.20, 4.60, 4.80,   0.0, 0.0,  3.50, 6.70,  0.40,   0.0
			TE,   Scott Chandler, 19,   655,  2,  3.80,  1.00, 13.90,  2.80,  4.90, 10.70,  1.80,  7.20, 2.60, 2.10,  4.00, 0.0,  4.30, 2.40,  5.40,  3.10
			K,     Dan Carpenter, 10,    65,  0,     3,    12,    12,    11,     8,     8,    11,     5,    7,    4,    13,   0,     7,    6,     9,    13
			DEF,           Bills,  8, 23.13,  3,    14,     8,     4,    15,     4,     5,    14,     0,    6,    6,    19,   0,     7,    5,    14,    21
   
Carolina Panthers, 	QB,       Cam Newton,  3,  3964, 30, 12.80, 16.66, 29.42, 0.0, 6.82, 30.68, 14.76, 27.84, 18.16,  6.26, 26.56, 20.06, 27.32, 15.20, 16.12,  9.84
			RB,DeAngelo Williams, 22,  1176,  4,  8.00,  8.50, 11.70, 0.0, 6.90, 11.70,  5.90, 11.10,  5.40, 10.60,  2.50,  4.70,   0.0,  6.30, 22.80, 12.70
			WR,      Steve Smith, 42,   745,  4, 11.10,  5.20,  4.00, 0.0, 6.00,  8.10, 12.90,  4.20,  5.20,  6.30,  6.20,  6.90,  5.10, 10.90,  2.00,  4.40
			WR,   Brandon LaFell, 49,   642,  5,   0.0,  1.30, 17.30, 0.0, 4.70, 17.60,  3.50,  2.30,  7.40,  4.80, 11.90,  3.60,  9.60,  2.20,  6.70,  1.30
			TE,       Greg Olsen,  8,   816,  6,  5.60, 14.40,  5.40, 0.0, 7.90,  1.90,  4.70,  8.10, 12.60,  1.40, 11.20,  9.40,  8.50,  4.00,  8.80,  3.50
			K,       Graham Gano, 15,    66,  0,     1,    11,    10,   0,    8,     5,    14,     7,    12,     6,     6,    10,     9,     7,    12,     5
			DEF,        Panthers,  3, 14.81,  4,     8,     5,    23,   0,    9,    11,    20,     9,    19,    14,     7,     6,    16,     1,    13,    14
  
Chicago Bears, 	        QB,       Jay Cutler, 23,  2739, 19, 17.28, 18.58, 11.46, 17.58, 23.02, 20.48, -0.88, 0.0.   0.0, 12.00,   0.0,   0.0,   0.0,   0.0, 19.70, 14.38
			RB,       Matt Forte,  3,  1933, 12, 15.10, 14.10, 17.10, 17.70, 11.50, 11.10, 28.90, 0.0, 23.90,  4.90, 18.50,  9.70, 15.10, 23.50, 13.10,  5.40
			WR, Brandon Marshall,  5,  1295, 12, 16.40, 17.30,  5.20,  9.90,  9.00, 20.70,  7.50, 0.0, 16.70, 25.90,  4.20, 17.70,  4.50, 12.00, 15.50,  9.60
			WR,   Alshon Jeffery,  8,  1526,  7,  4.20,  4.10,  5.10, 21.40, 27.80,  4.20, 12.10, 0.0. 12.10, 11.90, 10.00,  4.60, 36.90, 13.70, 12.90,  7.60
			TE, Martellus Bennet, 10,   759,  5, 10.90, 19.60,  1.00,  9.00,  5.60,  6.80,  6.70, 0.0,  3.60,  2.90,  4.80, 12.20,  1.40,  4.30,  5.10,  8.50
			K,      Robbie Gould, 13,    71,  0,     8,     7,    10,    10,     4,    11,    11,   0,     9,     7,    11,     3,     8,    13,     8,     5
			DEF,           Bears, 18, 27.13,  7,     7,    13,    25,     6,     1,    13,     5,   0,     8,     2,    14,    -2,     7,     1,    11,     0
 
Cincinnati Bengals, 	QB,      Andy Dalton,  5,  4479, 35, 15.48, 16.20, 13.70, 5.54,  8.98, 25.18, 27.48, 31.00,  6.72, 15.16, 11.72, 0.0, 10.50, 30.10, 19.20, 31.64
			RB,  Giovani Bernard, 16,  1209,  8,  3.00, 18.50, 15.90, 7.50,  4.90, 16.00,  5.90,  2.70, 22.40, 15.50,  8.60, 0.0,  6.60, 14.80, 10.60,  6.70
			WR,        A.J Green,  4,  1426, 11, 28.20,  4.10, 10.60, 5.10,  6.10, 16.30, 21.50, 11.50, 12.80, 21.10,  0.70, 0.0, 14.30, 13.20,  9.30, 21.70
			TE, Jermaine Gresham, 25,   461,  4,  3.50,  6.60,  0.70, 5.30,  2.40,  0.50,  6.40,  7.40,  3.30,   0.0,  8.70, 0.0,   0.0, 10.10,  0.30,  8.90
			K,       Mike Nugent, 23,    70,  0,     3,     8,     4,    6,     9,     9,    11,     7,    10,     5,    11,   0,     5,     6,     2,     6 
			DEF,         Bengals,  4, 17.81,  7,     2,    10,    18,    4,    15,     7,     0,    24,     6,    12,    25,   0,    12,    -1,     2,    19
 
Cleveland Browns, 	QB,   Jason Campbell, 31,  2122, 11,   0.0, 0.24,   0.0,   0.0,   0.0,   0.0,   0.0, 21.42, 24.48, 0.0,  7.92,  2.86,   0.0, 30.34, 12.62,  5.22
			RB,  Chris Ogbonnaya, 51,   582,  2,  1.00, 2.40,  5.30, 10.80,  0.70, 14.50,  1.50,  2.70,  3.90, 0.0,  7.90,  2.10,  3.40,  3.30,  4.60,  1.20
			WR,      Josh Gordon,  1,  1734,  9,   0.0,  0.0, 22.80,  7.10, 14.60, 12.60,  2.10, 19.20,  5.40, 0.0, 18.50, 29.70, 38.10, 24.50, 12.70, 11.90
			TE,   Jordan Cameron,  5,   917,  7, 16.80, 9.50, 24.60, 15.10,  3.60,  6.40, 11.50,  8.10,  0.40, 0.0,  2.90,  3.20,  4.30, 18.10,  2.30,   0.0
			K,     Billy Cundiff, 30,    53,  0,     4,    8,     6,     7,    13,     5,     7,     5,     6,   0,     8,     3,     4,     8,     7,     7
			DEF,          Browns, 20, 24.13,  5,     6,    5,    12,    13,    18,     2,     0,     6,    10,   0,     6,     0,     3,     8,    19,     0
 
Dallas Cowboys, 	QB,        Tony Romo, 10, 3866, 31, 16.42, 14.22, 20.40, 19.34, 40.94,  8.80, 12.88, 20.84, 20.28,  9.12, 0.0, 15.46, 12.90, 16.06, 18.32, 14.94
			RB,   DeMarco Murray,  7, 1471, 10, 12.50,  7.40, 26.30,  9.20, 10.80, 11.00,   0.0,   0.0,  5.00, 15.50, 0.0, 12.60, 28.20, 15.50, 21.30, 23.10
			WR,       Dez Bryant,  6, 1234, 13,  2.20, 20.10,  9.80, 20.10, 24.10,  3.60, 11.00, 19.30,  6.40,  4.40, 0.0,  8.60, 12.10,  7.20, 21.30, 13.30
			TE,    Jason Whitten,  6,  851,  8, 19.00,  1.20,  6.70,  4.30, 18.10,  2.70,  4.80,  1.50, 16.20,  2.70, 0.0, 15.70,  5.30,  7.00, 13.10,  1.30
			K,        Dan Bailey,  9,   75,  0,    12,    14,     7,     3,    10,     7,     5,    16,     9,     5,   0,     6,     7,     4,    22,     6
			DEF,         Cowboys, 15,   27,  6,    26,     5,    12,     8,     0,    14,    16,     8,    12,    -1,   0,    10,     4,    -3,     0,     2 
 
Denver Broncos, 	QB,   Peyton Manning,  1, 5477, 55,  46.3,  19.9,  24.8,  29.0,  35.7,  13.1,  25.3,  21.8,   0.0,  27.1, 14.9,   12,  31.8,   31.7, 17.5,  32.0
			RB,  Knowshon Moreno,  5, 1586, 13,   6.5,  22.7,   4.5,  15.1,  21.0,  28.4,  10.9,  19.2,   0.0,  11.4,  7.9, 29.0,  15.0,   16.9,  5.5,  10.2
			WR, Demariyus Thomas,  2, 1430, 14,  28.1,   5.2,   9.4,  20.6,   5.7,   7.8,  14.2,  13.5,   0.0,  28.8, 12.1, 10.1,  10.6,   14.8,  4.5,  18.3
			WR,      Eric Decker,  9, 1288, 11,   3.2,   8.7,  19.3,   8.8,  12.7,   5.0,  21.0,   4.2,   0.0,   5.2,  7.1,  0.5,  41.4,   17.7,  4.2,  25.1
			WR,       Wes Welker, 23,  778, 10,  16.7,   9.9,  14.4,  19.6,  10.9,  12.3,   9.6,  14.1,   0.0,   2.1,  7.2,  3.1,   3.8,   12.1,  0.0,   0.0
			TE,   Juilius Thomas,  3,  788, 12,  23.0,  10.7,   9.7,   4.3,  24.2,   8.2,  10.1,   2.9,   0.0,  15.6, 10.3,  0.0,   0.0,    9.5,  4.9,  13.8
			K,       Matt Prater,  2,  172,  0,   7.0,  11.0,  15.0,  12.0,  17.0,   5.0,   9.0,   9.0,   0.0,   4.0, 11.0,  7.0,   5.0,   17.0,  8.0,    13
			DEF,         Broncos, 11,   24,  5,   8.0,  15.0,   3.0,  16.0,   4.0,  10.0,   0.0,  20.0,   0.0,   5.0,  6.0, 14.0,   1.0,    5.0, 11.0,   0.0 
 
Detroit Lions, 	        QB, Matthew Stafford,  7, 4719, 31,  19.9,  17.2,  21.6,  16.4,  14.4,  24.5,  26.3,  26.7,   0.0,  18.6, 22.9, 16.5,  20.0,   5.94,  8.3,  6.78
			RB,      Reggie Bush, 11, 1512,  7,  25.1,   6.9,   0.0,  23.3,   6.9,  19.5,   9.4,  16.2,   0.0,  11.3,  3.4, 10.0,  22.2,    0.0, 16.1,   2.4
			WR,   Calvin Johnson,  3, 1492, 12,   3.7,  23.6,  17.5,  10.4,   0.0,   2.5,  27.5,  36.9,   0.0,  20.3, 29.9, 11.5,  16.1,    5.2,  9.8,   4.3
			TE,    Joseph Fauria, 23,  207,  7,   8.7,   0.0,   6.5,   0.0,   0.0,  21.4,   1.5,   0.0,   0.0,   2.5,  1.4,  7.0,   0.0,    0.0,  7.4,   6.3
			K,       David Akers, 28,   61,  0,  10.0,   3.0,   9.0,  16.0,   5.0,   9.0,   6.0,   7.0,   0.0,   3.0,  9.0,  3.0,   8.0,    0.0,  4.0,   4.0
			DEF,           Lions, 22,   22,  4,    11,     9,     7,    16,     1,     7,     1,    -1,   0.0,     5,   -3,    5,    22,     13,    2,     9
 
Green Bay Packers, 	QB,    Aaron Rodgers, 22, 2656, 17,  24.6,  34.9,  12.1,   0.0,  15.7,  16.7,  23.6,  22.5,   2.0,   0.0,  0.0,  0.0,   0.0,    0.0,  0.0,   0.0
			RB,       Eddie Lacy,  6, 1435, 11,  11.2,   1.0,   0.0,   0.0,   9.7,  12.5,  16.8,  17.2,  21.0,   8.4, 10.8, 21.8,   3.9,   15.0, 23.1,  21.0
			WR,     Jordy Nelson, 11, 1314,  8,  19.0,  18.6,   9.3,   0.0,   8.2,  17.3,  10.2,  24.3,   6.7,   5.6, 11.7,  5.8,   1.4,    8.5, 12.1,   4.6
			WR,      James Jones, 43,  817,  3,   0.0,  15.8,   9.4,   0.0,  18.7,   1.0,   0.0,   0.0,   1.7,   4.4,  5.5,  8.0,   7.9,    1.9, 10.9,   8.4
			TE,Jermicheal Finley, 37,  300,  3,  11.6,  12.5,   0.0,   0.0,   3.2,   7.5,  13.2,   0.0,   0.0,   0.0,  0.0,  0.0,   0.0,    0.0,  0.0,   0.0
			K,      Mason Crosby,  4,   65,  0, 4.8, 8.0, 12.0, 0.0, 18.0, 15.0, 7.0, 14.0, 8.0, 7.0, 9.0, 8.0, 6.0, 10.0, 9.0, 7.0
			DEF,         Packers, 23, 25.1,  4, 
 
Houston Texans, 	QB,      Matt Schaub, 34,  2334, 10, 23.84, 19.92, 5.76, 18.70,  0.92,  7.44,  0.0, 0.0,   0.0,   0.0,  6.20,  0.0,   0.0, 10.62,  0.0, 7.54
			RB,         Ben Tate, 33,   911,  4,  6.20, 10.10, 4.30,  2.50,  2.00,  8.80, 5.50, 0.0,  7.90,  6.40, 11.70, 2.70, 28.20,  5.60, 9.20,  0.0
			RB,     Arian Foster, 44,   725,  2,  9.00, 16.50, 5.20, 23.10, 11.80, 19.80, 1.10, 0.0,   0.0,   0.0,   0.0,  0.0,   0.0,   0.0,  0.0,  0.0
			WR,    Andre Johnson, 12,  1407,  5, 14.60,  7.60, 3.60, 11.00,  3.90,  8.80, 8.90, 0.0, 40.90, 15.70, 11.60, 3.60, 12.10, 15.40, 1.80, 6.30
			TE,   Garrett Graham, 17,   545,  5,  8.70,  9.00,  0.0, 12.90,  1.50,  2.50, 3.80, 0.0,  4.60,  1.80, 17.60, 3.20,  3.60, 13.30,  0.0,  0.0
			K,     Randy Bullock, 26,    52,  0,     7,     2,    9,     8,     3,     7,   10,   0,     6,     6,    13,    6,     7,     8,    3,    7
			DEF,          Texans, 32, 24.38,  2,     9,     7,    2,    10,     0,    -1,    7,   0,     4,     7,     7,    8,     2,     1,    3,   -3
 
Indianapolis Colts, 	QB,      Andrew Luck,  4,  4199, 27, 24.92, 18.64, 14.76, 18.88, 18.06, 7.98, 30.02, 0.0, 24.84, 13.82, 18.38, 13.62, 10.20, 32.24, 16.10, 14.14
			RB, Trent Richardson, 34,   879,  4,  7.70,  7.90,  9.50, 12.60,  5.60, 5.30,  1.70, 0.0,  5.30,  3.50,  5.30,  2.60,  1.90,  8.80, 16.20,  5.80
			WR,       T.Y Hilton, 19,  1089,  5,  2.00, 12.40,  1.30,  5.10, 26.00, 4.30,  2.70, 0.0, 30.10, 13.00,  4.40,  3.80,  4.60,  0.70,  7.80,  5.20 
			TE,     Coby Fleener, 13,   608,  4,  0.70, 12.90,  1.30, 13.70,  1.50, 1.60,  9.80, 0.0,  8.40,  5.30, 10.70, 11.50,  5.00,  3.10,   0.0,  0.80
			K,     Adam Vinateri,  8,    69,  0,     3,     8,     9,    13,     8,   13,    15,   0,     7,     0,    14,     3,    16,     4,    11,    11 
			DEF,           Colts, 10, 20.13,  2,     6,     7,    11,    23,    12,    3,    11,   0,     1,     3,     4,     2,    10,    -4,    17,    17
 
Jacksonville Jaguars, 	QB,       Chad Henne, 
			RB,     M.Jones-Drew,
			WR,     Cecil Shorts,
			TE,   Marcedes Lewis,
			K,       Josh Scobee,
			DEF,         Jaguars,
 
Kansas City Chiefs, 	QB,       Alex Smith, 16, 3745,  24, 19.2,   24.9, 17.0,  30.1,  13.3,  9.3,  20.8, 23.3, 6.9, 0.0, 24.7, 26.4, 27.3, 15.6, 36.1, 12.4 
			RB,   Jamaal Charles,  1, 1981,  18, 16.0,   16.3, 23.2,  18.7,  20.5, 24.8,  18.3, 12.0, 9.6, 0.0, 7.2, 27.7, 18.0, 27.9, 51.5, 20.4, 1.8
			WR,      Dwayne Bowe, 
			TE,     Sean McGarth,
			K,       Ryan Succop,
			DEF,          Chiefs,
 
Miami Dolphins, 	QB,   Ryan Tannehill,
			RB,     Lamar Miller,
			WR,   Brian Hartline,
			TE,     Charles Clay,
			K,     Caleb Sturgis,
			DEF,         Dolpins,
 
Minnesotta Vikings, 	QB, Christian Ponder,
			RB,  Adrian Peterson,
			WR,    Greg Jennings,
			TE,     Kyle Rudoplh,
			K,       Blair Walsh,
			DEF,        Vickings,
 
New England Patriots, 	QB,        Tom Brady,
			RB,LeGarrette Blount,
			WR,  Juilian Edelman,
			TE,   Rob Gronkowski,
			K,Stephen Gostkowski,
			DEF,        Patriots,
 
New Orleans Saints, 	QB,       Drew Brees,
			RB,    Pierre thomas,
			WR,  Marques Colston,
			TE,     Jimmy Graham,
			K,     Shayne Graham,
			DEF,          Saints,

New York Giants, 	QB,      Eli Manning,
			RB,
			WR,
			TE,
			K,
			DEF,
 
New York Jets, 	        QB, 
			RB,
			WR,
			TE,
			K,
			DEF,
 
Oakland Raiders, 	QB, 
			RB,
			WR,
			TE,
			K,
			DEF,
 
Philadelphia Eagles, 	QB,      Nick Foles, 11, 3116, 30,  0.0,  0.0,  0.0, 5.9,  16,   30,  5.7,   0, 45.6, 22.9, 22.6, 0.0, 23.7, 19.5, 33.2, 18.9
			QB,    Michael Vick, 36, 1521,  5, 25.5, 34.3, 15.9,  14, 12.1, 0.0,  0.0, 0.0,  0.0,  0.0,  0.0, 0.0,  0.0,  0.0,  0.0,  0.0
			RB,    LeSean McCoy,  2, 2146, 11, 24.9, 16.7, 21.8, 9.4, 15.2, 15.1, 8.1, 6.5, 14.0, 16.1, 27.0, 0.0, 11.5, 34.1, 10.6, 28.2
			WR,  DeSean Jackson, 10, 1332, 11, 16.4, 25.3,  6.2, 3.4, 19.2, 18.4, 2.1, 6.3, 21.0, 14.0,  8.2, 0.0,  3.6, 10.9, 25.5,  4.1
			WR,    Riley Cooper, 22,  835,  8,  1.4,  8.5,  2.9, 2.5,  0.0, 18.0, 8.8, 1.3, 33.7, 22.2,  3.7, 0.0,  4.8,  9.4,  4.9, 11.3 
 			TE,     Brent Celek, 14,  502,  6, 11.6,  0.0,  1.8, 5.7, 10.7,  1.0, 0.9, 1.7,  8.7,  0.7,  4.2, 0.0,  8.9,  2.9,  2.5,  9.8  
			K,      Alex Henery, 21,   68,  0,    7,   12,    4,   8,   18,    7,   3,   1,    7,    9,    6, 0.0,    6,    0,   12,   10 
			DEF,         Eagles, 14, 23.1,  2,   11,    4,    6,  -3,    9,    5,   7,  10,    8,    9,    9, 0.0,   11,    7,    1,   21
 
Pittsburgh Steelers, 	QB, 
			RB,
			WR,
			TE,
			K,
			DEF,
 
San Diego Chargers, 	QB, 
			RB,
			WR,
			TE,
			K,
			DEF,
 
San Francisco 49ers, 	QB, 
			RB,
			WR,
			TE,
			K,
			DEF,
 
Seattle Seahawks, 	QB, Russell Wilson,   8, 3896, 27, 15.5,  10.9,  21.4,  10.6, 22.6,  16.3, 20.3,  15.1,  22.3,  21.5, 18.6, 0,  29.1,   10.7,   15.2,  9.5
			RB, Marshawn Lynch,   4, 1573, 14,  5.2,  31.5,   6.9,  18.3, 10.7,  27.5, 15.4,   2.7,  14.1,  22.1, 24.3, 0,   5.7,   13.2,     18,  7.6 
			WR,    Golden Tate,  28,  929,  5,  5.1,   1.9,  11.7,  1.70, 12.1,   3.3,  7.7,  21.3,   2.9,  16.6,  2.6, 0,   4.5,    6.5,    2.5,  3.4
			WR,    Doug Balwin,  37,  784,  5,  9.4,   5.1,   9.5,   3.9,  8.0,   4.8,  1.6,   1.2,  13.5,   7.6, 12.3, 0,  13.7,    3.6,   13.4,  0.8
			WR,   Percy Harvin, 168,  154,  1,    0,     0,     0,     0,    0,     0,    0,     0,     0,     0,  1.7, 0,     0,      0,      0, 19.7
			TE,    Zack Miller,  22,  387,  5,  4.2,   2.2,  12.5,   0.7,  0.0,   0.0, 10.0,   1.4,   4.9,   0.0,  6.9, 0,  14.6,    1.3,    0.8,  7.1   
			K, Steven Hauschka,   5,   87,  0,    6,     9,     9,    11,   14,     8,   12,     2,     9,    17,   13, 0,    10,      5,     11,   12 
			DEF,   Seattle DEF,   2,   14,  4,    9,  22.0,  10.0,  17.0,  7.0,  11.0, 11.0,  11.0,   3.0,   8.0, 17.0, 0,  13.0,    5.0,   24.0, 11.0 

St. Louis Rams,  	QB, 
			RB,
			WR,
			TE,
			K,
			DEF,
 
Tampa Bay Buccaneers, 	QB, 
			RB,
			WR,
			TE,
			K,
			DEF,
 
Tennessee Titans, 	QB, 
			RB,
			WR,
			TE,
			K,
			DEF,
 
Washington Redskins, 	QB, 
			RB,
			WR,
			TE,
			K,
			DEF,
